INTGRL
                                                                        
 
s   3    0           0.10D-14
       8.0    1    3    1    1    1
O  1   0.000000000000000   0.000000000000000   2.099949450000000       *
H  10   3
      10662.28500000         0.00079948        -0.00018130         0.00018443
       1599.70970000         0.00615339        -0.00143230         0.00161025
        364.72526000         0.03115440        -0.00709230         0.00685698
        103.65179000         0.11562007        -0.02872980         0.03444213
         33.90580500         0.30148406        -0.07719760         0.06845079
         12.28746900         0.44516541        -0.17226950         0.25486215
          4.75680500         0.24269972        -0.10176170        -0.00227490
          1.00427100         0.01400809         0.58019236        -1.30931700
          0.30068600        -0.00364710         0.52501772         0.84421791
          0.10524000         0.00135794         0.03453632         0.50287000
H   6   2
         34.85646300         0.01570996        -0.01424700
          7.84313100         0.09863258        -0.08242660
          2.30826900         0.31133806        -0.35079250
          0.72316400         0.48393539        -0.30863690
          0.21488200         0.30434457         0.43158804
          0.07520900         0.07410473         0.62126901
H   3   1
          2.69500000         0.31690979
          0.72210000         0.72182059
          0.19350000         0.16489448
       6.0    3    3    1    1    1
C  1   0.000000000000000   0.000000000000000  -0.203987980000000       *
C  2   0.000000000000000  -2.449141070000000  -1.690550570000000       *
C  3   0.000000000000000   2.449141070000000  -1.690550570000000       *
H  10   3
       5240.63530000         0.00093706        -0.00020140         0.00018948
        782.20479000         0.00722866        -0.00159130         0.00159917
        178.35083000         0.03634370        -0.00785790         0.00715871
         50.81594200         0.13062888        -0.03078560         0.03255102
         16.82356200         0.31889851        -0.07776050         0.06671215
          6.17577600         0.43907941        -0.16547980         0.21071467
          2.41804900         0.21447737        -0.09353160         0.01606341
          0.51190000         0.00952912         0.59106791        -1.20608100
          0.15659000        -0.00242230         0.51017985         0.62359190
          0.05480600         0.00085927         0.03602095         0.67555378
H   6   2
         18.84180000         0.01363248        -0.01270120
          4.15924000         0.08381053        -0.06726640
          1.20671000         0.28579195        -0.34042310
          0.38554000         0.48641620        -0.37477750
          0.12194000         0.31476417         0.42284056
          0.04267900         0.09093437         0.64283912
H   3   1
          1.28380000         0.32087885
          0.34400000         0.72331373
          0.09220000         0.15721381
       1.0    6    2    1    1
H  1   0.000000000000000  -4.048671920000000  -0.396748900000000       *
H  2   0.000000000000000   4.048671920000000  -0.396748900000000       *
H  3   1.665388940000000  -2.545906230000000  -2.902109710000000       *
H  4  -1.665388940000000  -2.545906230000000  -2.902109710000000       *
H  5   1.665388940000000   2.545906230000000  -2.902109710000000       *
H  6  -1.665388940000000   2.545906230000000  -2.902109710000000       *
H   7   2
         82.63637400         0.00256413        -0.00460080
         12.40955800         0.01921261        -0.03244470
          2.82385400         0.09505118        -0.17107370
          0.79767000         0.30186782        -0.50486720
          0.25805300         0.48744592        -0.09489200
          0.08989100         0.23547943         0.37085551
          0.03146200         0.01577776         0.65565134
H   3   1
          1.66250000         0.30127706
          0.41560000         0.68005742
          0.10390000         0.19856265
