 O      8     0.00000000    0.00000000    2.50458029   15.99491
 C      6     0.00000000    0.00000000    0.19536475   12.00000
 C      6     0.00000000    2.44788241   -1.33175742   12.00000
 C      6     0.00000000   -2.44788241   -1.33175742   12.00000
 H      1     0.00000000    4.08196468   -0.03986615    1.00783
 H      1     0.00000000   -4.08196468   -0.03986615    1.00783
 H      1    -1.68430414    2.52316625   -2.57048351    1.00783
 H      1     1.68430414   -2.52316625   -2.57048351    1.00783
 H      1     1.68430414    2.52316625   -2.57048351    1.00783 
 H      1    -1.68430414   -2.52316625   -2.57048351    1.00783
