TEXAS                                                                           
K                   STRE   1    2.        1.
K                   STRE   2    3.        2.
K                   STRE   3    4.        2.
K                   STRE   4    5.        3.
K                   STRE   5    6.        4.
K                   STRE   6    7.        3.
K                   STRE   7    8.        3.
K                   STRE   8    9.        4.
K                   STRE   9   10.        4.
K            1.     BEND  10     3.        4.        2.
K            1.     BEND  11     3.        1.        2.
            -1.     BEND         4.        1.        2.
K            1.     OUT   12     1.        3.        4.        2.
K            1.     BEND  13     7.        8.        3.
             1.     BEND         5.        8.        3.
             1.     BEND         5.        7.        3.
            -1.     BEND         2.        5.        3.
            -1.     BEND         2.        7.        3.
            -1.     BEND         2.        8.        3.
K            2.     BEND  14     7.        8.        3.
            -1.     BEND         5.        8.        3.
            -1.     BEND         5.        7.        3.
K            1.     BEND  15     5.        8.        3.
            -1.     BEND         5.        7.        3.
K            2.     BEND  16     2.        5.        3.
            -1.     BEND         2.        7.        3.
            -1.     BEND         2.        8.        3.
K            1.     BEND  17     2.        7.        3.
            -1.     BEND         2.        8.        3.
K            1.     BEND  18     9.       10.        4.
             1.     BEND         6.       10.        4.
             1.     BEND         6.        9.        4.
            -1.     BEND         2.        6.        4.
            -1.     BEND         2.        9.        4.
            -1.     BEND         2.       10.        4.
K            2.     BEND  19     9.       10.        4.
            -1.     BEND         6.       10.        4.
            -1.     BEND         6.        9.        4.
K            1.     BEND  20     6.       10.        4.
            -1.     BEND         6.        9.        4.
K            2.     BEND  21     2.        6.        4.
            -1.     BEND         2.        9.        4.
            -1.     BEND         2.       10.        4.
K            1.     BEND  22     2.        9.        4.
            -1.     BEND         2.       10.        4.
K0.4082483   1.     TORS  23     5.        3.        2.        1.
             1.     TORS         7.        3.        2.        1.
             1.     TORS         8.        3.        2.        1.
             1.     TORS         5.        3.        2.        4.
             1.     TORS         7.        3.        2.        4.
             1.     TORS         8.        3.        2.        4.
K0.4082483   1.     TORS  24     6.        4.        2.        1.
             1.     TORS         9.        4.        2.        1.
             1.     TORS        10.        4.        2.        1.
             1.     TORS         6.        4.        2.        3.
             1.     TORS         9.        4.        2.        3.
             1.     TORS        10.        4.        2.        3.
  0.16E+02  0.48E+01  0.48E+01  0.55E+01  0.55E+01  0.55E+01  0.55E+01  0.55E+01
  0.55E+01  0.10E+01  0.10E+01  0.10E+01  0.10E+01  0.10E+01  0.10E+01  0.10E+01
  0.10E+01  0.10E+01  0.10E+01  0.10E+01  0.10E+01  0.10E+01  0.28E+00  0.28E+00
