TEXAS
  O          8.00000   0.00000   0.00000   1.32537
  C          6.00000   0.00000   0.00000   0.10338
  C          6.00000   0.00000  -1.29536  -0.70474
  C          6.00000   0.00000   1.29536  -0.70474
  H          1.00000   0.00000  -2.16009  -0.02110
  H          1.00000   0.00000   2.16009  -0.02110
  H          1.00000   0.89129  -1.33520  -1.36024
  H          1.00000  -0.89129  -1.33520  -1.36024
  H          1.00000   0.89129   1.33520  -1.36024
  H          1.00000  -0.89129   1.33520  -1.36024
