 2mocoef
header
                     2
NO-coefficients from mcscf.x                                                    
 total ao core energy =   33.442436530                                          
                     1
                    49                    49
 A  
mocoef
(1p3d25.15)                             
   -9.489656051070380D-04    7.065504815000363D-01   -8.589029858516202D-04
   -1.713591522641236D-03    1.201348304443339D-03    1.220825903121320D-11
   -2.061547901529724D-09    1.876222831823483D-04    1.498021292699077D-11
    1.647753499773329D-09    1.187882329243774D-11   -2.278421185981150D-13
   -3.748602053141683D-05    1.055916387623941D-09    1.970930987423613D-04
    7.065513262136897D-01   -8.589008515254378D-04   -1.713595887783972D-03
   -1.201350361836487D-03   -9.261582522445303D-11   -3.390010724807468D-09
   -1.876202905527438D-04   -8.079020428975902D-11    1.446519026891673D-09
   -1.266376574251284D-11    1.786475480482498D-13   -3.748631863982726D-05
   -7.516879976922022D-10    1.970938039926970D-04    1.581254701688251D-03
    6.056470608759341D-04    2.002722186089123D-04   -2.640959088000107D-04
    1.010437170184251D-09    1.581254669958334D-03    6.056470371307607D-04
    2.002722068520103D-04    2.640958929356732D-04    1.010223112271159D-09
    1.581254799748824D-03    6.056469122863463D-04   -2.002722400906372D-04
   -2.640955579280721D-04    1.256345107803335D-09    1.581254623656504D-03
    6.056468133037493D-04   -2.002722238299160D-04    2.640955366143365D-04
    1.256553904658545D-09
    2.724281683903525D-10    7.072771672192609D-01    1.160289818503910D-03
   -1.157758799682130D-03    3.224970447857719D-04    1.516349621908243D-11
   -2.977609672523652D-09   -6.909702419182453D-04    1.889327909894267D-11
    2.530304870521574D-09   -3.653662170935754D-12   -1.580940365978977D-13
   -1.733471849904164D-04   -2.274783777207864D-09    1.458819311197806D-04
   -7.072763231468213D-01   -1.160287981959189D-03    1.157759865063551D-03
    3.224964327991321D-04   -5.316678180643987D-11    3.773602662456852D-09
   -6.909697594287263D-04   -5.827338349971125D-11   -2.707237968574641D-09
   -9.525943742641257D-12   -1.832405087007053D-14    1.733470082866655D-04
   -2.121144388878538D-09   -1.458817302457242D-04   -2.519256872419580D-06
   -2.604109993286747D-04   -1.134563680938931D-05    8.869341724601916D-05
    3.899946444275397D-10   -2.519261889270793D-06   -2.604110231225887D-04
   -1.134563894182933D-05   -8.869342433820741D-05    3.899741127796014D-10
    2.519051178876537D-06    2.604102860335656D-04   -1.134581417626067D-05
   -8.869339561907808D-05   -6.966455303438752D-10    2.518934806152706D-06
    2.604102020777985D-04   -1.134580469307120D-05    8.869338675294830D-05
   -6.967345136308453D-10
    6.533671906343030D-02   -6.087958462579127D-02    4.184352512909121D-01
   -6.631605183991456D-02    1.584711209779027D-01    1.897295596042318D-11
    7.900648527765938D-09   -4.876647423659401D-02    3.016478208023386D-11
   -8.153348508514588D-10    5.939797754663042D-12    1.628574134273959D-12
   -6.089440543372203D-03   -7.132991503612078D-10    1.388325389652320D-02
   -6.087958495588840D-02    4.184352484821340D-01   -6.631604771165957D-02
   -1.584711194218346D-01    2.622035322363125D-12    1.357711038802038D-08
    4.876647237291096D-02    1.773488761413556D-11   -5.151704842628308D-10
   -2.369308710503223D-12   -1.629094724211355D-12   -6.089440252587865D-03
    1.242030619210508D-09    1.388325305785209D-02    1.064233912210832D-01
   -2.726172696261041D-02    1.241889605858944D-02   -1.387457904465473D-02
   -5.670357182439511D-10    1.064233912755581D-01   -2.726172691128910D-02
    1.241889608020805D-02    1.387457904814162D-02   -5.659501082740146D-10
    1.064233907276983D-01   -2.726172679593894D-02   -1.241889618334492D-02
   -1.387457950066725D-02   -3.250371037307962D-10    1.064233907777000D-01
   -2.726172671605654D-02   -1.241889617153808D-02    1.387457949350950D-02
   -3.260581725904857D-10
    7.347174049147545D-10    4.021072161928985D-02   -3.571872401479645D-01
    5.555996368736837D-02    2.366345947495714D-01   -5.230303341062184D-11
   -2.347622840793476D-09   -1.389862885115915D-02   -8.359298372316008D-11
   -4.625676485578498D-09   -1.330346113713916D-11   -1.376771588592566D-13
    2.862823971060453D-03   -2.422736634342460D-09    1.265242353663899D-02
   -4.021072175438919D-02    3.571872434167592D-01   -5.555996104411250D-02
    2.366345914979054D-01    2.864576858643377D-11    1.022062035982133D-08
   -1.389862679214276D-02    1.179976786232561D-11    5.614504834860530D-09
   -2.181418877062393D-11   -1.240528716391641D-13   -2.862824054138604D-03
   -3.091420410167556D-09   -1.265242294834691D-02   -1.788881529642725D-01
    5.997923428359046D-02   -1.245813473802579D-02    2.147559060398452D-02
    4.727607279908994D-10   -1.788881531136606D-01    5.997923413699526D-02
   -1.245813473287328D-02   -2.147559062737645D-02    4.726475681067815D-10
    1.788881506426295D-01   -5.997923634387940D-02   -1.245813501461574D-02
   -2.147559085933851D-02   -2.349665422559602D-10    1.788881504533753D-01
   -5.997923636733348D-02   -1.245813498943984D-02    2.147559081684310D-02
   -2.354179266524536D-10
    6.599940569294781D-11   -2.954999731053860D-11   -1.186814089267065D-10
   -4.419514987424438D-11    9.158009824166896D-12    4.262178322753267D-01
   -4.658636241811400D-13    6.918328139465515D-11   -8.083251951460409D-02
    1.708951817606075D-11   -8.570340207540800D-03   -2.695252648707173D-09
    4.407942010608974D-12    5.753168191859472D-13    1.403373547915886D-11
    1.536420170707793D-11    4.179381172504020D-11    2.430431716393935D-11
    9.565939792859571D-11    4.262178213486135D-01    2.371245188334777D-11
    3.141041982141429D-11   -8.083252245348327D-02   -1.975055026176104D-11
    8.570337723345140D-03   -2.787242026727166D-09    1.960998782920890D-13
   -1.561344318633880D-12   -7.861812997095629D-14    2.009121778519830D-01
   -4.952024717203050D-02    1.187581609906613D-02   -1.317794956199205D-02
    8.970276587250365D-10   -2.009121775380597D-01    4.952024728139141D-02
   -1.187581606900997D-02   -1.317794949739731D-02   -8.973659477466735D-10
    2.009121809172519D-01   -4.952024515611985D-02   -1.187581721215421D-02
   -1.317795077661156D-02    1.005711432662517D-09   -2.009121810920708D-01
    4.952024506091585D-02    1.187581720955368D-02   -1.317795082538698D-02
   -1.004805091749051D-09
    8.609027362013766D-02    1.533778822038324D-02    8.072770602914017D-02
    2.170564066521053D-02   -4.956576803888884D-01   -1.207937951922704D-10
   -6.871834311239320D-09    1.207315567097532D-01   -1.346987131402585D-10
    4.541350789311128D-09    7.723275331368856D-13    4.027316698983282D-13
    3.721913313611730D-04    1.157798471759028D-09   -2.512418119862351D-02
    1.533778973983542D-02    8.072771851961100D-02    2.170564393794082D-02
    4.956576747552848D-01    1.297463455368063D-11   -7.919744552064441D-09
   -1.207315573883300D-01    9.552343579509086D-11    5.487206202857809D-09
    2.275302752078591D-11   -5.315196425393247D-13    3.721910029842528D-04
   -2.785711145486113D-09   -2.512417968899800D-02    1.628669412244522D-01
   -4.896863743028733D-02   -3.006502854717457D-03   -1.478727842664161D-02
   -3.357071285654633D-10    1.628669410463668D-01   -4.896863757931216D-02
   -3.006502870036744D-03    1.478727844718713D-02   -3.359135971114634D-10
    1.628669426704663D-01   -4.896863838974885D-02    3.006502759681372D-03
   -1.478727915897281D-02   -2.243290002753825D-10    1.628669428783693D-01
   -4.896863834802652D-02    3.006502762373084D-03    1.478727916186942D-02
   -2.243826810125266D-10
    9.929634189295764D-11   -3.113965896356447D-12    2.175621328326711D-11
    6.415688587514279D-11    5.691568137110553D-11   -4.582537506679735D-01
   -2.449772720572706D-11    6.721041547035757D-11    4.589720306338016D-02
    1.107564873205366D-11    4.905086101617398D-02    4.727079791784086D-09
    2.221049602692251D-12   -1.057244450713898D-13    9.047988834863202D-12
    7.172272237715949D-12   -1.906218620780552D-12   -2.151787086363637D-12
    1.162421487149734D-10    4.582537476210494D-01   -2.532003990550758D-11
    4.936507508660378D-11   -4.589720713719120D-02    1.102221045067209D-11
    4.905085711727537D-02   -3.917228684955118D-09   -9.903976853896219D-13
   -2.023795134273569D-13    7.987458055711196D-13   -2.624220284822654D-01
    6.336121813428014D-02   -1.449328440705374D-02    1.232571122578658D-02
   -1.021361758490533D-09    2.624220286437360D-01   -6.336121812306068D-02
    1.449328442173711D-02    1.232571126000956D-02    1.029479580359855D-09
    2.624220380084091D-01   -6.336121693750688D-02   -1.449328506939597D-02
   -1.232571298744506D-02    9.509682646245780D-10   -2.624220382171312D-01
    6.336121684469170D-02    1.449328509069614D-02   -1.232571304056723D-02
   -9.428864692757099D-10
   -6.649444796235761D-01    4.251966232127233D-02    3.452298340702598D-01
    6.786364254060366D-02   -1.720199250700278D-01    2.588385052546611D-10
   -7.065733794944515D-01   -7.757198945415367D-02    2.487050261799741D-10
   -3.036914171305453D-01    1.893982307160382D-11   -9.395088316615295D-13
   -1.386643373301697D-03    1.817381902636945D-02    4.365940448143904D-03
    4.251966865540577D-02    3.452298898004874D-01    6.786365791203954D-02
    1.720199614898255D-01   -4.989626067620430D-11    7.065920232685635D-01
    7.757206989713795D-02   -1.082340829643677D-10    3.036909928963527D-01
    1.195386244971674D-11    3.526282925573906D-12   -1.386638058620047D-03
    1.817212364451800D-02    4.365934711539071D-03   -8.204688357929485D-02
   -5.625569610562456D-02   -6.956549096272905D-04   -1.062090904720534D-02
   -1.829682940001308D-02   -8.204688311482541D-02   -5.625569587146804D-02
   -6.956549123795167D-04    1.062090907497543D-02   -1.829682940100121D-02
   -8.204696471423729D-02   -5.625572698120858D-02    6.956502896848313D-04
   -1.062090538027218D-02    1.829749992902382D-02   -8.204696464594068D-02
   -5.625572685867542D-02    6.956503179666290D-04    1.062090539462553D-02
    1.829749992838671D-02
    3.932993085023929D-03   -2.515041751572740D-04   -2.042008216306844D-03
   -4.014254587726563D-04    1.017497672053164D-03    4.952736260124615D-11
   -5.761923445502498D-01    4.588346629861964D-04    1.372120407023916D-11
    8.947948360292486D-03   -4.941035501894269D-12   -6.305812886959684D-12
    8.199863503124236D-06   -5.175928296318448D-02   -2.582395509235744D-05
   -2.515043537733076D-04   -2.041998609832241D-03   -4.014224766320949D-04
   -1.017488644301977D-03   -1.872282172669182D-11   -5.678031029651937D-01
   -4.588419476518848D-04   -4.207360784485345D-12    1.255368082766229D-02
   -1.219215670176143D-12    3.218472449620163D-12    8.199609677941994D-06
    5.197504912113157D-02   -2.582326509686045D-05    4.853201580530194D-04
    3.327580151828032D-04    4.115573935768987D-06    6.282024606608858D-05
   -2.056688513138177D-02    4.853201820255239D-04    3.327580423554742D-04
    4.115577663459338D-06   -6.282024442889412D-05   -2.056688513000954D-02
    4.853195646670444D-04    3.327540735115036D-04   -4.115403549989272D-06
    6.281945069289187D-05   -2.034964383323704D-02    4.853195664694684D-04
    3.327540750810322D-04   -4.115396975681174D-06   -6.281945562155856D-05
   -2.034964383532324D-02
    6.655447617868466D-01   -4.255805784847305D-02   -3.455415852467672D-01
   -6.792493044872457D-02    1.721752547878536D-01   -1.016626698891738D-10
   -7.025309952344464D-01    7.764208088216558D-02    9.279210738570373D-11
   -3.034701834749486D-01   -5.091906082997878D-11    1.180725051912975D-12
    1.387892165796119D-03    1.846329266756649D-02   -4.369875133991769D-03
   -4.255805402162247D-02   -3.455415530863284D-01   -6.792491808628301D-02
   -1.721752264224672D-01    3.517688670329566D-10    7.093100224659094D-01
   -7.764200513912882D-02    5.429755772943964D-10    3.033428122590454D-01
    1.502430592207350D-11    1.331019400256114D-12    1.387896750854900D-03
    1.784859530335912D-02   -4.369880814096976D-03    8.212104773900029D-02
    5.630653965862487D-02    6.962803382470282D-04    1.063049303400144D-02
   -1.815879074490327D-02    8.212104785990679D-02    5.630653966053844D-02
    6.962803663474667D-04   -1.063049301210871D-02   -1.815879074647198D-02
    8.212098760425392D-02    5.630651706006690D-02   -6.962842719953345D-04
    1.063049742955706D-02    1.840124963261813D-02    8.212098831524406D-02
    5.630651725358698D-02   -6.962843331708914D-04   -1.063049738375331D-02
    1.840124963257070D-02
   -1.189947347711679D-08    2.048406292925071D-01    1.399648716667487D+00
    5.144604926131242D-01    6.552013922671609D-01   -1.296964433372599D-10
    2.919061148011162D-08    7.355750693471587D-01   -1.819952382166328D-10
    2.277496304437211D-08    1.293398403021035D-12    2.007420126029071D-11
   -2.298088678899732D-03    2.121666024975124D-10    6.454622763252706D-03
   -2.048406300381395D-01   -1.399648722944838D+00   -5.144604954731642D-01
    6.552013882689115D-01    4.445372781105077D-11   -3.452701497775229D-08
    7.355750635706862D-01    3.825732933388357D-11   -2.840250352885265D-08
   -7.558450412718773D-12   -2.089950258189012D-11    2.298088691583627D-03
    4.167833594184283D-10   -6.454622832271734D-03   -3.153732729795676D-02
   -6.292316614853129D-02   -2.095412316051936D-03   -1.949275182381058D-02
    1.180059099261934D-10   -3.153732757910419D-02   -6.292316630653506D-02
   -2.095412333227037D-03    1.949275178757019D-02    8.414627894299808D-11
    3.153733433418917D-02    6.292317006851141D-02   -2.095412606486460D-03
    1.949275148523672D-02    4.322425647455930D-11    3.153733434536605D-02
    6.292317013128289D-02   -2.095412579258726D-03   -1.949275144639755D-02
    7.688322510526847D-11
    2.331990493332610D-09    2.145988642826743D-10    1.372238086748658D-09
    4.613174089048294D-10   -8.886391819718432D-10    8.960858968842760D-03
   -3.297638151086200D-10   -9.145621995703324D-10   -4.916289995284389D-01
    9.920655272908650D-11    8.614000239306291D-02    3.780229111815217D-10
   -1.282360389389376D-11   -4.066010654318534D-11    1.056877288264984D-11
    2.084329663055567D-10    1.381111718655510D-09    4.716867615203186D-10
    7.817146820653004D-10    8.960858632029417D-03    2.915984069360643D-10
    7.412971574074532D-10   -4.916289966494197D-01    5.394415476933800D-10
   -8.614000273876569D-02    1.202412099341341D-10    3.837309859889812D-12
    3.458212108442839D-11    1.075675591607864D-11   -3.063065023524184D-03
   -8.369028732623696D-02    4.083369480558470D-02   -3.365667169747920D-02
    8.112993628682662D-10    3.063062727057829D-03    8.369028595407810D-02
   -4.083369484732928D-02   -3.365667172694772D-02   -9.078404684966461D-10
   -3.063065351629168D-03   -8.369028673593377D-02   -4.083369457387329D-02
   -3.365667154171621D-02    8.841617094760706D-10    3.063063301709255D-03
    8.369028546511002D-02    4.083369460450623D-02   -3.365667154300937D-02
   -9.398380151144844D-10
   -1.775380893404639D+00   -2.233690585004114D-01   -1.404139695777806D+00
   -4.726334423476069D-01    8.284804138827205D-01   -2.219178494588206D-10
    1.338856789653616D-08    7.723815234481862D-01   -8.692460816685159D-10
    5.612031356429152D-08    7.640119586964027D-11    1.832627342818107D-11
    6.135074929981462D-03   -5.027676108373150D-09   -6.695622215448983D-03
   -2.233690564233261D-01   -1.404139684518789D+00   -4.726334381912046D-01
   -8.284804198902284D-01    2.540738062107276D-10    1.158046116395100D-09
   -7.723815305127171D-01   -2.632096304628657D-10    2.116904795683584D-08
   -1.050411923060811D-10   -1.467561563235346D-11    6.135074819299088D-03
    7.232818614141136D-09   -6.695621999496533D-03    1.012616251695212D+00
    6.123120116909412D-01    2.431375371520511D-02   -1.645586032301294D-02
   -3.192387351411227D-09    1.012616251520785D+00    6.123120118578633D-01
    2.431375360455861D-02    1.645586023670822D-02   -3.226586038757967D-09
    1.012616252441549D+00    6.123120116023191D-01   -2.431375354723947D-02
   -1.645586059672097D-02   -1.894405856535202D-09    1.012616252616078D+00
    6.123120118620102D-01   -2.431375348114813D-02    1.645586051968871D-02
   -1.862658734829895D-09
   -7.283622039563197D-09   -1.868451363366375D-08   -1.302876237019530D-07
   -3.792207761915127D-08    7.636981081207717D-08    5.619841225763566D-10
    5.789225743534235D-02    9.460721995715277D-08    3.965012536388081D-10
   -5.741303142734764D-01    7.843522151163303D-11   -2.918149811930098D-11
    1.116339098858644D-09    8.229114073806867D-02   -8.836265834020118D-10
   -1.622551793902290D-08   -1.142432178748869D-07   -3.148940701086858D-08
   -8.862782668490684D-08   -9.831590819184738D-10    5.789221631015513D-02
   -1.053322322403817D-07   -1.249243663557328D-09   -5.741303390906796D-01
   -5.644316346155128D-11   -8.453433561114918D-12    1.124130531696542D-09
   -8.229114134401957D-02   -1.097409157532363D-09    5.507110650112171D-08
    3.217354260568927D-08    1.240561398743316D-09   -2.462055107173482D-09
    3.646523841322059D-02    5.540174088141241D-08    3.233040692484044D-08
    1.246340316197200D-09    2.440258151477567D-09    3.646523844671041D-02
    6.066474466431357D-08    3.427472974725633D-08   -1.560332571021399D-09
   -2.527404425744074D-09    3.646523780821259D-02    5.920197589351836D-08
    3.368675721004981D-08   -1.409301911444442D-09    2.447141184907223D-09
    3.646523781442815D-02
    1.111244847595511D+00    4.932756933712966D-03    1.889660346054018D-01
    6.860306884274152D-02    2.665320118312492D-01   -1.816914317538816D-09
   -3.233464883602783D-08    8.167084628234776D-01   -2.231978584087406D-09
    2.281875686976464D-09   -5.543107513032312D-11   -2.407110216137458D-11
    9.654203683570938D-03   -4.996394814620091D-09   -1.066262872023959D-02
    4.932757426626148D-03    1.889660372381803D-01    6.860306997481029D-02
   -2.665320137919054D-01    9.483318035138106D-10    2.049222460687928D-08
   -8.167084637334604D-01    1.540049816104242D-09    4.963146774474945D-08
   -1.488072972127900D-11   -8.813054306417109D-12    9.654203656398068D-03
    4.000675757864357D-09   -1.066262865706785D-02   -4.534731037178513D-01
   -3.417201701687577D-01   -1.595395036571943D-03   -3.580519616806409D-02
   -6.926409629609459D-10   -4.534731061643872D-01   -3.417201712767843D-01
   -1.595395156694841D-03    3.580519602490748D-02   -6.725375376276354D-10
   -4.534731046876605D-01   -3.417201706385059D-01    1.595395388824230D-03
   -3.580519601819022D-02   -8.113992324974613D-10   -4.534731046713042D-01
   -3.417201707838415D-01    1.595395227689291D-03    3.580519612953467D-02
   -8.179111998063780D-10
   -8.248978886286207D-10    3.631068513265324D-11    4.365178404701281D-11
   -2.323834157553614D-11   -5.661978436008623D-10   -1.508510371159945D+00
   -7.752248088579432D-11   -1.050929827578241D-09   -2.024554063236336D+00
   -2.632319938173256D-10   -2.752735040547727D-02   -1.732540669472585D-10
   -1.661624354612946D-11   -1.774749337763241D-11    5.380806108768481D-12
    5.482811441888520D-11    1.961763254847455D-10    8.612495823889469D-11
    2.495690755943498D-10    1.508511269441774D+00    7.237512255985418D-11
    8.077618257550510D-10    2.024554774177724D+00   -6.323618903989550D-11
   -2.752738863845033D-02    3.719920077205370D-10   -1.034651507110727D-11
   -4.011252094929942D-11   -2.693387209300404D-12    6.844049903659922D-01
    2.680018956191560D-01    8.772966633734518D-02   -4.889070791846913D-02
    1.050011224149723D-09   -6.844049901072862D-01   -2.680018953253551D-01
   -8.772966633584402D-02   -4.889070796462968D-02   -9.369845312326539D-10
   -6.844062314792808D-01   -2.680025146057884D-01    8.772965494778102D-02
    4.889072962666854D-02   -9.167990557780627D-10    6.844062321897966D-01
    2.680025151349170D-01   -8.772965492232349D-02    4.889072952927442D-02
    9.585202269940903D-10
    3.654506871719135D-10    6.846253153221114D-11    5.845333818443747D-10
    2.119458261290579D-10   -7.448186126495116D-10    1.160053832282943D+00
    1.685975750447235D-10   -4.179371168338580D-10    9.170252460999520D-01
    1.095278303419365D-10    5.036789751658804D-02   -3.683279263824833D-09
    6.649577773237909D-12    1.366827754949445D-11   -8.487318291465248D-12
   -5.595286100953538D-11   -3.860426954308360D-10   -7.840497501213796D-11
   -9.321602750720085D-10    1.160052659365387D+00   -1.263001283736359D-10
   -1.018139296814592D-09    9.170236749257964D-01   -2.237264954982638D-10
   -5.036787598195096D-02   -3.731170638845392D-09    3.048209700544507D-12
   -2.296716020488112D-11   -1.889900640485407D-12   -1.604310890329681D+00
   -8.003972679553790D-01    1.482406524211539D-02    2.794021077674093D-02
    5.634734130139656D-10    1.604310887884609D+00    8.003972665444931D-01
   -1.482406526732081D-02    2.794021081617667D-02   -5.696533756568908D-10
   -1.604310354233353D+00   -8.003970575109500D-01   -1.482413291015802D-02
    2.794017288444884D-02    5.330979137238376D-10    1.604310355961631D+00
    8.003970583555220D-01    1.482413288791805D-02    2.794017290890696D-02
   -5.991159057063524D-10
    7.742332123762824D-09   -9.499737704356709D-02   -7.458023315765605D-01
   -2.316069666568747D-01    1.625950583326768D+00    5.009081127627873D-10
    3.236574676995667D-08    1.331961463640597D+00    3.196788057960780D-10
    3.282593754940699D-08    2.470621963753958D-11   -2.115483158392977D-11
    3.888924935221125D-04    3.546085192703006D-10    1.602030970129254D-03
    9.499737597596755D-02    7.458023238585422D-01    2.316069620794370D-01
    1.625950578797605D+00    7.338008958558847D-10   -3.034370062127743D-08
    1.331961461331093D+00    6.531349542502630D-10   -3.497925352794549D-08
   -3.079772763432894D-11    3.396584238075211D-11   -3.888927828672770D-04
   -1.831270783899970D-12   -1.602031344273310D-03    1.885686707299610D+00
    1.029499054709180D+00    2.246017273003146D-02    6.846915775740760D-03
   -1.741364626732623D-09    1.885686708907223D+00    1.029499055547509D+00
    2.246017268717320D-02   -6.846915750314803D-03   -1.701219093593276D-09
   -1.885686706046462D+00   -1.029499055742642D+00    2.246017263780105D-02
   -6.846915079703306D-03    2.145366167481546D-09   -1.885686704192845D+00
   -1.029499054869290D+00    2.246017266485752D-02    6.846915137575591D-03
    2.095260357268336D-09
    3.414102170859399D-08   -2.360786064115182D-09   -4.174134567155945D-08
   -2.019640964799896D-08    6.362208938001142D-08    4.657525635922429D-10
   -5.093334330013006D-01    3.655134271198832D-08    4.788782211464745D-10
   -1.402127680891725D+00    2.634163879973372D-11    7.888107367842378D-11
   -1.293479001814025D-09   -1.020408203645333D-01   -2.440682552940048D-09
   -1.384561965675754D-08   -8.546994315055010D-08   -4.376740523458971D-08
    5.371002834362466D-09   -2.683331177151365D-10    5.093334402482579D-01
    9.531775809164467D-09   -2.152999206439788D-10    1.402127677262919D+00
   -1.465491118151761D-11    4.479212384964965D-11   -1.533323717274672D-09
   -1.020408215029524D-01    2.338587087542717D-10    5.607802300179508D-08
    2.685840275622822D-08    2.267005084029861D-09    3.168985931777889D-09
    6.412970218041550D-02    5.682770397209487D-08    2.727978072170155D-08
    2.292498761259137D-09   -3.158380747610998D-09    6.412970215514741D-02
    1.421032363314497D-08    5.972222339637905D-09    5.359961815430489D-10
    9.576966416774907D-10   -6.412970162843722D-02    1.403670942299406D-08
    5.945971774455362D-09    5.664798430854775D-10   -8.995679078563768D-10
   -6.412970161858178D-02
    8.519098534580414D-01   -2.705649985463796D-02   -4.334802977194656D-01
   -6.056975972109492D-01    2.174603673353583D-01   -3.497096488671021D-10
    5.380759378519516D-09    1.444258984472854D-01   -3.220062949720551D-10
    2.299493011578787D-08    4.867904083700471D-11   -1.260215847177049D-11
   -7.150763747582566D-02    4.657440510659200D-09   -4.984198196871606D-02
   -2.705650026065063D-02   -4.334802972759650D-01   -6.056975964903655D-01
   -2.174603804195362D-01    3.940101945067589D-10    1.582360817053235D-08
   -1.444259078928216D-01    3.058944937538036D-10   -2.703765043245655D-08
   -3.322355066120146D-12   -1.119618453807227D-11   -7.150763714883687D-02
    1.162853628173561D-09   -4.984198212057909D-02    2.960833475915275D-01
   -1.415900979814670D-01    1.736678679048067D-02    5.922150340690190D-02
   -2.578755283049757D-09    2.960833470130922D-01   -1.415900983476708D-01
    1.736678687475961D-02   -5.922150341555320D-02   -2.557823317190314D-09
    2.960833587907836D-01   -1.415900907382791D-01   -1.736678726650009D-02
    5.922150349280032D-02    1.274618266486391D-09    2.960833593570061D-01
   -1.415900904522272D-01   -1.736678729056876D-02   -5.922150347904175D-02
    1.274427789047177D-09
   -3.148573941081994D-10   -2.582151626783295D-03   -3.882024786237125D-01
    1.047773638742075D-01   -3.266479442991191D-01    3.365683508003990D-10
    4.269527778196834D-08    3.381353535545302D-01    3.270959848599682D-10
    1.023487510368950D-08   -3.879895252661994D-12   -7.649618248450857D-12
   -5.821331199767755D-02    9.636692780121799D-10    1.068142795654074D-01
    2.582149531903009D-03    3.882024751021489D-01   -1.047773639698517D-01
   -3.266479471042280D-01   -2.108975115376223D-10   -4.869459735024321D-08
    3.381353514473434D-01   -1.816651700139911D-10   -9.102098430484077D-09
    1.845422401926035D-11   -1.746896589924512D-11    5.821331217227769D-02
    1.659406377481546D-09   -1.068142790979240D-01    1.754512109113322D-01
   -3.313277109703300D-02   -1.238357700074562D-01   -3.464875107204584D-02
    7.754945849772231D-10    1.754512115021772D-01   -3.313277073783021D-02
   -1.238357700313772D-01    3.464875107437181D-02    7.790967833625199D-10
   -1.754512092789715D-01    3.313277290888156D-02   -1.238357697031503D-01
    3.464875074965799D-02   -1.130640890458236D-09   -1.754512093928630D-01
    3.313277287520762D-02   -1.238357696822344D-01   -3.464875070747815D-02
   -1.110506045477243D-09
    3.933194468518561D-11   -1.640540347417798D-12   -2.542851156919586D-11
   -3.825299517989729D-11   -1.312194340045004D-11    1.093136648943384D-08
    1.646385972355657D-11    2.561030007946783D-11    8.973528636220381D-09
    9.814337503153985D-11    6.742459330143749D-10    4.418276722563981D-01
   -3.645190854602525D-12    2.116829593063745D-12    9.787664994467035D-13
   -4.271450164490692D-13    2.262808155183763D-13   -2.643881677870345D-11
   -3.069864534410145D-11   -1.827410230445957D-09   -2.946294439347877D-11
   -3.165837030071745D-11   -1.860453547792796D-09   -1.554785378720328D-10
   -8.182378180244138D-10    4.418276703668310D-01    1.256990633842142D-12
   -8.187199728144354D-12   -6.802709067727170D-12   -8.991297046180439D-09
   -4.984073973652442D-09    6.944305138670531D-10    7.759773487511128D-10
    1.945514523017842D-01    8.973367824430976D-09    4.969972545376862D-09
   -6.972888657176829D-10    7.817297373817033D-10   -1.945514522669115D-01
   -5.234688359541352D-10   -1.742658189611278D-10   -7.209830380807524D-10
    7.768921430745032D-10    1.945514507086896D-01    5.432025759352032D-10
    1.859064565172854D-10    7.063561468523834D-10    7.676481622190343D-10
   -1.945514506976544D-01
    1.259463763143126D-11   -1.402193646899892D-11   -1.037252982284969D-10
   -2.093725860786644D-11   -8.026213716322857D-12   -4.645362937421718D+00
   -4.769752988269474D-11    9.703368192408627D-11   -3.944874242020631D+00
   -1.589595135833423D-10   -9.348837539805305D-03    5.477035416736049D-09
    7.949538110111972D-12   -6.198649100321071D-11    8.919125372797735D-12
    9.080864315227876D-11    5.623223220537352D-10    3.926666141861619D-10
    2.153707185620558D-10    4.645362940672100D+00    6.419553488690543D-11
    3.337139837260061D-10    3.944874244599585D+00    4.371690979122030D-11
   -9.348837926444009D-03   -4.565896778043368D-09   -3.300978680345911D-13
   -2.085145285995909D-11   -3.674353092117449D-11    3.316126532877627D+00
    1.748194894032585D+00   -2.265951707724532D-02   -9.028402737621731D-03
    1.411681141237336D-09   -3.316126532602391D+00   -1.748194893729246D+00
    2.265951713113236D-02   -9.028402677563507D-03   -1.374581533578508D-09
   -3.316126537480901D+00   -1.748194897458960D+00   -2.265951690956792D-02
    9.028402927206185D-03   -8.345938258546085D-10    3.316126536621810D+00
    1.748194896835944D+00    2.265951691614018D-02    9.028402876013605D-03
    8.414970575499467D-10
   -2.388305865166515D-07   -4.814111407527700D-08   -2.895612847601132D-07
   -2.330035951477809D-07    1.204987508442434D-07   -3.381352851460759D-10
   -4.293810726601301D-02    1.406680130991475D-07   -2.975543980288471D-10
    1.563825505757013D-01   -5.061838484147454D-12   -1.595088512926380D-10
    4.050045394880297D-09    5.119474873010196D-01    2.142300600384241D-08
   -5.249123539475902D-08   -3.165432578658275D-07   -2.516086551533890D-07
   -1.196319684389284D-07    2.266427825589654D-10   -4.293810452473810D-02
   -1.438226384471794D-07    2.381125715236703D-10    1.563825515318654D-01
   -4.114246531056451D-12    1.472675573191122D-10    4.060381461308904D-09
   -5.119474859628791D-01    2.173212273210112D-08    1.902504267055275D-07
    1.623709912288429D-07   -9.583251228412410D-10   -2.592107355393214D-08
   -2.193354313591198D-01    1.897426245585346D-07    1.621142995384890D-07
   -9.636699270595096D-10    2.591525316715140D-08   -2.193354311227399D-01
    2.012009230628914D-07    1.709066696657552D-07    2.546597357003519D-12
   -2.720620689780121D-08   -2.193354301559999D-01    2.014006419471627D-07
    1.709852451475934D-07   -7.531500261883266D-12    2.721284184462377D-08
   -2.193354304389517D-01
    1.604964433326310D+00    3.504492336658279D-01    2.133091485271831D+00
    1.689521713254449D+00   -8.450682608197077D-01    5.185699082866337D-10
   -1.551717037596053D-08   -1.008240740894519D+00    4.419982273172575D-10
    1.414149778695242D-08   -2.241644266537000D-11    5.601120871379726D-11
   -2.723544666661437D-02    7.239067362415850D-08   -1.569301944243229D-01
    3.504492293678790D-01    2.133091452421571D+00    1.689521689111995D+00
    8.450682526251084D-01   -4.879440681605216D-10    1.388320331229424D-09
    1.008240729116522D+00   -4.401000663713695D-10    2.947188406429738D-08
    2.034847122835853D-12   -4.564381156603879D-11   -2.723544649360670D-02
   -7.300166435501362D-08   -1.569301934463161D-01   -1.375518878127454D+00
   -1.143223758315069D+00    1.762362235823292D-02    1.849082325094052D-01
   -3.197952100017482D-08   -1.375518877403823D+00   -1.143223757908922D+00
    1.762362241518562D-02   -1.849082325512124D-01   -3.213231121842103D-08
   -1.375518855751318D+00   -1.143223740343419D+00   -1.762362341681406D-02
    1.849082304397723D-01   -3.277668472269146D-08   -1.375518856456659D+00
   -1.143223740714150D+00   -1.762362339970319D-02   -1.849082304506096D-01
   -3.263311953532029D-08
    2.154648081013391D-10    3.804937159873994D-11    2.503443668886955D-10
    2.022479193368278D-10   -7.728481960594281D-11   -3.779904357851978D-08
   -3.789355615181327D-12   -3.993585780868634D-11   -3.206696565559063D-08
   -1.000098843286957D-10    5.246785412366632D-10   -3.986655667520200D-01
    8.537343025554995D-12   -2.255595071477433D-10   -5.068902792952281D-12
    9.390607125108036D-11    5.172518397345014D-10    4.022915130482869D-10
    2.288987864149648D-10    3.111469927047932D-08    5.848123708282181D-11
    3.073309943660922D-10    2.486449848292872D-08    7.815276528608648D-12
   -1.895622108791608D-09    3.986655693574594D-01   -1.171185923947599D-11
    1.853006348016242D-10   -3.639168971913543D-11    2.698924121633225D-08
    1.603109469767133D-08   -3.901455674796803D-10   -6.681138087175893D-10
   -3.355722285368863D-01   -2.715925935220856D-08   -1.616570467891419D-08
    4.149888868916643D-10   -7.157009029976262D-10    3.355722286926456D-01
   -1.707725894881452D-08   -7.844101010708303D-09   -4.711961718660696D-10
    4.942049688460487D-10    3.355722291051247D-01    1.635783751701319D-08
    7.213959664460964D-09    4.815766325347758D-10    2.879545022387342D-10
   -3.355722289567417D-01
    7.071144243563393D-09   -4.884817116512066D-01   -2.974909968172299D+00
   -2.141175797973421D+00    3.949997976899216D-01    1.898502231533030D-09
    5.128794636360742D-09    8.275273831467865D-01    1.941120141172343D-09
   -2.122916327488451D-09   -4.327953420440015D-10   -4.784995601917349D-13
    9.841290189099329D-03    1.420378324890548D-09    6.876593876012448D-02
    4.884817172662026D-01    2.974909996127934D+00    2.141175819395389D+00
    3.949998101940926D-01    5.086325744895187D-10   -5.733905113479994D-09
    8.275273971155567D-01    6.299164128564010D-10    4.014528504580493D-09
    4.145060111505451D-10   -4.266181678305463D-12   -9.841290714120604D-03
   -2.122636594721922D-09   -6.876594093774588D-02    1.727936201669556D+00
    1.347968278008839D+00    9.619183940182631D-02   -1.789387523842010D-01
   -5.340971218593574D-10    1.727936206469687D+00    1.347968281686939D+00
    9.619183941612312D-02    1.789387525139863D-01   -6.176196043755885D-10
   -1.727936223783757D+00   -1.347968294274430D+00    9.619183863165021D-02
    1.789387547821900D-01   -1.704738847298968D-09   -1.727936221059629D+00
   -1.347968291739147D+00    9.619183858839969D-02   -1.789387546555553D-01
   -1.614439602308905D-09
    7.596217979693661D-11    3.893745846955371D-10    2.291878788436515D-09
    1.642973962919889D-09   -1.636940336280994D-10    1.571365903027580D+00
    2.971455999948212D-12   -5.328245075117810D-10    1.666794968383591D+00
   -7.051167178222770D-12   -5.486760885113527D-01   -9.283441491222502D-11
   -2.498923308002192D-12    1.423604494178409D-11   -4.572503791265043D-11
   -3.933421106607715D-10   -2.419990587533242D-09   -1.734804628338668D-09
   -2.469488998869020D-10    1.571365894988086D+00    1.978424957820810D-12
   -6.139570266126878D-10    1.666794959351205D+00   -1.533478331181034D-11
    5.486760878995643D-01    1.689116356000404D-09   -2.192768749780666D-12
    4.650047928560966D-12    4.944440630994047D-11   -2.438638917324258D+00
   -2.006241957539090D+00   -3.062597367720713D-02    7.137762294394720D-02
   -1.165146160540610D-09    2.438638914828660D+00    2.006241955554164D+00
    3.062597350844546D-02    7.137762268980123D-02    1.180368602334078D-09
   -2.438638907763319D+00   -2.006241950827031D+00    3.062597347584868D-02
    7.137762268639197D-02    2.575807017951887D-10    2.438638910366772D+00
    2.006241952789075D+00   -3.062597360019499D-02    7.137762296484165D-02
   -2.744439798164552D-10
    9.822564350141765D-11   -1.859543494949427D-01   -1.322751943596768D+00
   -1.021464664710615D+00   -1.798753604265308D+00   -1.005840431905298D-10
    7.340355066949534D-09   -2.046449732083788D+00   -1.368110652608800D-10
    3.822144924500722D-09   -4.569959941171436D-11   -2.193446422475521D-11
   -1.436955643723661D-01   -8.146827004996243D-10   -1.510904501958405D-01
    1.859543494066680D-01    1.322751938911904D+00    1.021464663537783D+00
   -1.798753606860847D+00    4.415780752547365D-10   -7.106856031064743D-09
   -2.046449734715096D+00    3.752113744541774D-10   -3.769516434982362D-09
    7.400564480699992D-11    1.358809908400090D-11    1.436955646725253D-01
   -1.505243567125036D-09    1.510904507462670D-01   -1.478368789095174D+00
   -1.393504328139691D+00    3.372080526454816D-02    3.964855398381558D-02
   -7.645222689343380D-10   -1.478368789181971D+00   -1.393504328260819D+00
    3.372080538724579D-02   -3.964855409330066D-02   -7.401993814388117D-10
    1.478368791105853D+00    1.393504328645864D+00    3.372080616899875D-02
   -3.964855458922031D-02    8.072814790314172D-10    1.478368791897779D+00
    1.393504329065153D+00    3.372080607148378D-02    3.964855446099678D-02
    7.734128710473126D-10
    6.273876559951060D-01   -9.266052965079953D-02   -6.157544510182101D-01
   -1.663032408456489D-01    8.160089249301735D-01   -4.068500608503764D-10
   -5.183861315822116D-09    6.638997622819612D-01   -3.860350810645092D-10
   -1.606250592142909D-09    6.717424358810484D-11    1.159397297705742D-11
    6.212179935735670D-02    2.033911017811262D-09    1.719625375886295D-01
   -9.266052936234291D-02   -6.157544501458608D-01   -1.663032369971729D-01
   -8.160089151011438D-01    9.686321525887919D-11    4.333233499393800D-09
   -6.638997551139771D-01    1.942983880657411D-10    3.683957570994415D-09
   -2.683488601291538D-11   -2.195597519563070D-12    6.212179877278481D-02
   -2.092398891316153D-09    1.719625366469505D-01    4.246919044356727D-01
   -2.715986365673008D-01   -3.455637021032313D-01   -1.382018576131576D-03
   -1.840533443361661D-09    4.246919036917709D-01   -2.715986369874153D-01
   -3.455637021824333D-01    1.382018692736890D-03   -1.854572179356685D-09
    4.246918948683866D-01   -2.715986435189058D-01    3.455637004899861D-01
   -1.382017661491820D-03   -2.027157452476542D-09    4.246918949894437D-01
   -2.715986433555481D-01    3.455637006120061D-01    1.382017758539012D-03
   -2.021322305804746D-09
    7.004208961216552D-12   -2.091600585907736D-11   -1.165644388579978D-10
   -1.987545398597846D-11   -5.128625517304442D-10   -7.057681489609812D-01
   -7.543720721318543D-11   -4.832778337448148D-10   -2.711430616250222D-01
    1.669048520176976D-11    2.944836817912799D-01   -1.840175067963727D-10
   -4.688248695997179D-11   -2.682456331429849D-11   -6.270741171028285D-11
    4.986491958576966D-11    3.890815824499942D-10    2.606184339165942D-10
   -3.176286680344769D-10   -7.057681168269799D-01    7.378077715951989D-11
   -3.393525863091581D-10   -2.711430337849455D-01    9.172377111178590D-12
   -2.944836748822895D-01    2.689502765660257D-11   -7.850303774434946D-12
   -1.913648383064225D-11    4.992234953597920D-12    5.384134549085235D-01
   -2.749474011294593D-02    2.972889097703854D-01    3.742957943124860D-01
   -9.081962290122986D-10   -5.384134558407133D-01    2.749473953482645D-02
   -2.972889096463233D-01    3.742957943110127D-01    9.928756867446547D-10
    5.384134308959218D-01   -2.749475006010105D-02   -2.972888966359592D-01
    3.742957830154019D-01   -1.108074720138876D-09   -5.384134305211911D-01
    2.749475060772247D-02    2.972888966487457D-01    3.742957830825351D-01
    1.018007226085870D-09
   -1.127986068573277D-10   -4.412060048751503D-11   -2.323935334382243D-10
   -8.421170280186961D-11   -1.939091267853436D-10    1.326962760382498D+00
    8.293166306752826D-12   -8.951500652142758D-11    1.151492682659182D+00
    4.876687079014363D-11   -2.300819086074124D-01    1.645538401376548D-10
   -9.007712962307580D-14   -3.387082243329035D-13   -3.112284692532102D-12
    1.830688552613901D-11    7.887066349526528D-11   -3.516086743955038D-12
   -2.281830545567253D-10   -1.326962782004282D+00   -9.669160280612440D-12
   -1.148428170701330D-10   -1.151492690284741D+00   -2.470229422300225D-11
   -2.300819181782977D-01   -8.566239801540086D-11   -3.997988451731964D-12
    1.944388648260605D-12    1.265767825777456D-11   -9.983040225163964D-01
   -5.001627774200382D-01   -4.304070630841851D-01   -3.654812418503211D-01
    5.220100249524565D-10    9.983040224733336D-01    5.001627774245105D-01
    4.304070631670275D-01   -3.654812418670683D-01   -5.211918382387999D-10
    9.983040384264701D-01    5.001627761452009D-01   -4.304070718226655D-01
    3.654812531826259D-01   -6.697159198654310D-10   -9.983040381643641D-01
   -5.001627759323456D-01    4.304070719327159D-01    3.654812532489441D-01
    6.688255468873107D-10
   -6.748155483239113D-09   -1.834792440471893D-01   -9.062898285683836D-01
    9.758142318140947D-02   -1.584553992327549D+00   -3.204484076648001D-11
    6.125692886619414D-08   -4.455835300700844D-01   -5.898115360082414D-11
    3.521011811766069D-08    6.091954304600102D-12    5.722056017134841D-14
   -4.566090510787875D-03    2.203660164284017D-08   -1.317152417893813D-01
    1.834792502602445D-01    9.062898259753480D-01   -9.758147717583132D-02
   -1.584553973922503D+00    2.176741250427224D-10   -6.219755243270857D-08
   -4.455835011869011D-01    1.910704592770596D-10   -3.504831661660563D-08
    1.752129626287991D-11    3.681198702534433D-12    4.566104754049106D-03
    2.224824504603766D-08    1.317152343562438D-01   -6.173708104889285D-01
   -3.186390829947702D-01    4.424712960107176D-01    1.399939500546722D-01
   -2.320450804860696D-08   -6.173708104785369D-01   -3.186390830091097D-01
    4.424712959923593D-01   -1.399939500245174D-01   -2.320260022875917D-08
    6.173708477192387D-01    3.186390953463831D-01    4.424712881141776D-01
   -1.399939326507992D-01    2.262045688802286D-08    6.173708481143563D-01
    3.186390956189302D-01    4.424712879618438D-01    1.399939325258312D-01
    2.261636803802567D-08
    2.131454657733745D-01   -1.150952826109776D-01   -4.353826784427709D-03
    7.477443028278197D-01    3.348194413976270D-01   -1.076857141257138D-09
   -1.145809213270303D-08    4.406222670136902D-01   -1.280208414522581D-09
   -8.506547519652241D-09    6.105493301922662D-11   -7.622897840280848D-12
   -1.996019436050349D-01   -6.509130386230388D-09    1.223601238793812D-01
   -1.150952698067838D-01   -4.353766972911400D-03    7.477442936432295D-01
   -3.348195491405338D-01    1.140677390883519D-09    2.178854147333790D-08
   -4.406222962855865D-01    1.250728022430778D-09    1.105513502416526D-08
    1.311071360306307D-10    1.203742747368936D-11   -1.996019431442112D-01
   -3.395372961829531D-09    1.223601330645428D-01   -5.001634959570318D-01
   -1.843702752521695D-01   -1.276822536354288D-01   -2.481586946943231D-01
    2.837645494758638D-09   -5.001634979484335D-01   -1.843702768985250D-01
   -1.276822536103280D-01    2.481586946461123D-01    2.852972628021377D-09
   -5.001634562217862D-01   -1.843702558142304D-01    1.276822849604830D-01
   -2.481587040918245D-01   -9.464503894974768D-09   -5.001634542248212D-01
   -1.843702543582929D-01    1.276822849360099D-01    2.481587040294867D-01
   -9.484212736042077D-09
    7.108411497959835D-09    9.277106373342980D-09    4.621430656552874D-08
    9.329654466369148D-09    7.880652577862223D-08   -3.789555878911039D-10
    1.321430325902290D+00    2.643502375938616D-08   -4.189023224888263D-10
    7.449831257191613D-01    2.573124490086821D-11   -3.545276484644428D-11
   -2.151498643025462D-09    4.432615088984891D-01    6.850279541927012D-09
   -1.255602297922365D-08   -4.945170124497754D-08    7.819021786489011D-09
    6.934751658458114D-08    3.822043229279767D-10   -1.321430323254774D+00
    1.580889125535247D-08    4.369084925469453D-10   -7.449831257321272D-01
    2.463541683729014D-11    9.178466366293561D-12   -2.275024643854957D-09
    4.432615114465712D-01   -4.299586459747633D-09    2.079566750347325D-08
    1.388336472488521D-08   -2.020350185413373D-08   -9.358094583835758D-09
   -5.544143624292938D-01    2.023597887848281D-08    1.350569906972311D-08
   -2.025214562973576D-08    9.438185679362938D-09   -5.544143625025384D-01
   -3.158320970126998D-08   -1.816161476352816D-08   -1.711363956835938D-08
    4.331500419417434D-09    5.544143607557611D-01   -3.091390646205374D-08
   -1.768004791394185D-08   -1.704273431434660D-08   -4.245148728416483D-09
    5.544143607177230D-01
    8.906239195913768D-11   -2.051588489948238D-11    3.826839858274503D-11
    1.906703813614655D-10    1.481535162557233D-11    4.171226520389955D+00
    8.618631544447109D-11    5.177776097875613D-11    4.929129004926740D+00
    2.334043963721274D-11   -4.921285779773167D-01    1.254634755335870D-09
   -4.812603417104386D-11    1.103942167887506D-11    1.021000576293839D-11
   -2.319158743579871D-11    4.615600241505862D-13    1.330555443179550D-10
   -1.838698139193567D-10   -4.171226521702185D+00   -6.929888262161961D-11
   -2.120811843331026D-10   -4.929129006505950D+00   -5.323742803242097D-11
   -4.921285790944308D-01   -2.146742471230227D-09   -4.364102793916121D-11
    2.643883015415170D-11    4.097347577584990D-11   -3.847179783916629D+00
   -3.001511198105320D+00    9.083661599674879D-02   -8.845980245404636D-03
   -4.377974790033702D-10    3.847179783475657D+00    3.001511197818641D+00
   -9.083661612192616D-02   -8.845980141043517D-03    3.568174954042010D-10
    3.847179787043431D+00    3.001511200167346D+00    9.083661635585095D-02
    8.845979182934300D-03    1.199467675292289D-09   -3.847179787062557D+00
   -3.001511200142450D+00   -9.083661623789917D-02    8.845979304761548D-03
   -1.144431794370421D-09
    6.566042427877987D-10   -1.792151078950799D-09    1.610738190455306D-09
    4.610034293909058D-09    3.518674926216067D-09    9.237892537235740D-11
   -6.786228724260515D-01    2.190918864901713D-09    1.034574845298837D-10
   -1.059336205181635D-01   -5.935953497224204D-12    5.713482270814906D-11
   -1.054835474712879D-09    5.099449289806893D-01    5.904470063182648D-10
   -1.985127270383889D-09    2.102193245155541D-09    4.610235412506923D-09
   -2.429521210001234D-09   -4.381526069959695D-11   -6.786228759006134D-01
   -4.069374876191787D-10   -8.432905782625794D-11   -1.059336226850343D-01
   -9.995447243812745D-12    1.129367265558202D-11   -1.008784036078463D-09
   -5.099449245980728D-01    4.805328656509034D-10   -1.759150236496414D-09
   -1.266863073207574D-09   -7.837947474569342D-10   -8.421633187259735D-10
    6.435053395973723D-01   -1.603827762173009D-09   -1.165389773107472D-09
   -7.887889761314414D-10    8.462121600734681D-10    6.435053397209779D-01
   -3.283591273384165D-09   -2.855103227232402D-09    1.272859491257295D-09
   -5.289456254490777D-10    6.435053404751819D-01   -3.305565272549020D-09
   -2.886096840277849D-09    1.275910204800090D-09    5.290551203259880D-10
    6.435053405147531D-01
    4.873808395146367D-12   -2.261566046517588D-13   -1.725275482408742D-12
   -2.266394357325440D-12   -6.456144975191616D-12   -1.971066663045919D-09
    1.272206261692110D-10   -6.248902571029400D-12   -4.350618028999327D-09
    8.150678210138588D-11   -2.884756042373949D-09    6.950088345160662D-01
   -5.991493906484628D-13    8.674807332718775D-11   -7.603853285449449D-13
    4.576166743982414D-13    4.290824926001486D-12    3.310286883759466D-12
   -8.088617078422376D-12   -6.594952030240348D-09   -5.231603522569961D-11
   -1.243673760140791D-11   -9.738651288724220D-09   -6.291487698929996D-11
    2.279595876996554D-09    6.950088319843892D-01    5.948583145412074D-13
    1.302648282357411D-10    5.896425689294089D-13    6.303267141101714D-09
    7.752151801237213D-09    4.293318107830569D-09   -8.102016060592230D-10
   -6.740357127782196D-01   -6.322877435863029D-09   -7.768940628778524D-09
   -4.293388546708158D-09   -8.101176004560170D-10    6.740357127245091D-01
    1.044405964683771D-08    1.122934543941751D-08   -4.144259984418295D-09
   -9.144743595425727D-10   -6.740357117005332D-01   -1.043319208801640D-08
   -1.121874480759908D-08    4.144604982071841D-09   -9.140224527368860D-10
    6.740357115943839D-01
    3.205241847351201D-11    7.700825676739406D-12    9.817296067170626D-11
    1.498760475390130D-10    2.657459732401161D-10    8.478374101484814D-01
    2.425695965197375D-11    2.185971875857281D-10    1.033150504019034D+00
    3.553810903206648D-11    5.056503914403707D-01    4.602373327845061D-09
   -8.944298391900524D-12   -2.070399426397018D-11    4.153953660039538D-11
    1.333930580036247D-11    7.810670032307011D-11    1.983361500363510D-11
    3.777433341014805D-10    8.478374016348549D-01   -2.672054347130538D-11
    2.116479712082437D-10    1.033150498678844D+00   -3.948895920978899D-11
   -5.056503898654626D-01    4.916360208531426D-09   -4.842646912502702D-12
   -2.195401632868176D-11    1.930407075133128D-11   -1.236389362679527D+00
   -1.336023722491684D+00   -6.070761508088127D-01   -1.867448570579501D-02
   -4.380133544038377D-09    1.236389363038048D+00    1.336023722778817D+00
    6.070761508509234D-01   -1.867448561434299D-02    4.332376049578388D-09
   -1.236389358718141D+00   -1.336023718984187D+00    6.070761502386006D-01
   -1.867448617987724D-02   -4.562670743996531D-09    1.236389358076973D+00
    1.336023718561590D+00   -6.070761502374994D-01   -1.867448640486164D-02
    4.614481974035502D-09
    8.489196455138060D-10   -6.503961338639621D-10   -1.309901688905643D-08
   -1.111310714815547D-08   -1.072006584882256D-08   -7.318798286360196D-11
    4.402463514967020D-01   -9.544250539511388D-09   -5.799712999745132D-11
    1.801274953254683D-01    1.586569776480993D-11   -1.139176264803836D-11
    9.135881802125611D-10    1.246828301639288D+00   -8.355312342252266D-10
    3.215338155359819D-10    1.097247978075975D-08    1.039277010274855D-08
   -1.131942305016638D-08    8.081477201837885D-11   -4.402463499468725D-01
   -1.020719511681650D-08    6.998074007982656D-11   -1.801274952172994D-01
   -2.175724505268203D-11   -8.803601106228814D-11   -8.616391162991752D-10
    1.246828302975761D+00    6.584395941892445D-10   -5.530492761238707D-09
   -6.760927068329412D-09   -2.340821877586383D-09    2.818268131365517D-09
    4.615771793361243D-01   -5.620194886697660D-09   -6.775393485671330D-09
   -2.308856695570950D-09   -2.829911543292658D-09    4.615771792956119D-01
    6.559121802044062D-09    7.326191762475208D-09   -2.212304870007605D-09
   -3.119223253424887D-09   -4.615771806301361D-01    6.657131381621771D-09
    7.385392380902671D-09   -2.244316354084174D-09    3.107975111070151D-09
   -4.615771807878039D-01
   -7.505508882432625D-11    3.596700226981644D-01    2.603705072907614D+00
    1.791150881132587D+00    2.659580853707340D+00    2.781224088018401D-11
    5.096859147023037D-10    1.617878576884808D+00    4.104266829110245D-11
    5.023613346185232D-10   -1.330070979237931D-11    2.220511846413894D-12
   -1.835123566933897D-01    6.219311954773721D-09    1.291285261614301D-01
   -3.596700231290779D-01   -2.603705076068991D+00   -1.791150882942078D+00
    2.659580853145907D+00   -2.611426515851398D-10    3.528661421948248D-10
    1.617878576589432D+00   -2.202527385175941D-10   -6.035317283502448D-10
    3.694022483848334D-11   -4.511917977840446D-12    1.835123570497736D-01
    6.544345944195254D-09   -1.291285262720973D-01    1.074041145260396D+00
    1.212024277229817D+00    2.373978512777296D-01   -4.659165884289155D-01
    3.583306800785266D-09    1.074041145151875D+00    1.212024277106310D+00
    2.373978511920212D-01    4.659165884040756D-01    3.578686253572020D-09
   -1.074041142255257D+00   -1.212024276515765D+00    2.373978508978713D-01
    4.659165878840886D-01   -3.858773503622784D-09   -1.074041142724546D+00
   -1.212024276909344D+00    2.373978510317481D-01   -4.659165878981791D-01
   -3.852716896472946D-09
    2.417585819571366D-11   -6.103244339277774D-12   -3.858440138027269D-11
   -2.278629326691670D-11   -6.120894641677309D-12   -7.889968055329949D-09
    2.243235140338132D-11    1.855889420793196D-12   -1.034351608948014D-08
    1.217309858378293D-11   -2.439136812506835D-10    1.113640215742462D+00
   -8.719749641825658D-15   -5.260794810052092D-11   -1.439317798615254D-12
    1.947567990082227D-11    1.177544911215815D-10    8.946469083465246D-11
    2.596847132011090D-11    9.052099090548268D-09    9.438642457185411D-12
    4.042020979613316D-11    1.108831890758722D-08   -8.332102498537649D-12
   -9.077531128815510D-11   -1.113640217139414D+00   -4.557839849325853D-13
   -2.665073026983021D-11   -4.848107375532078D-12    8.900267812930560D-09
    7.212911951971749D-09    1.048805974651098D-09   -9.844709573649770D-10
   -6.749908708661511D-01   -8.861497755631012D-09   -7.183732125680517D-09
   -1.042852488175644D-09   -9.817129744629694D-10    6.749908707794784D-01
   -1.050732256700470D-08   -8.267583625960499D-09    1.411699535077746D-09
    1.440806009168643D-09    6.749908721853695D-01    1.036621387692206D-08
    8.157215748763302D-09   -1.407812335005222D-09    1.425397791357094D-09
   -6.749908721626301D-01
   -7.252044462753474D-01   -1.581726877933554D-01   -1.292279972464631D+00
   -8.796676130689854D-01    9.655240493337089D-01    3.660213249115998D-11
    6.939767454269673D-12    2.683293840883630D-01    1.018090873950042D-10
   -1.922873097200694D-10    8.107357402251292D-11   -1.047189678210995D-11
    8.019103211097581D-02   -2.935836850575110D-10   -4.504235934321724D-01
   -1.581726846321655D-01   -1.292279955043131D+00   -8.796676082335323D-01
   -9.655240498324414D-01   -2.034501062741924D-10    2.530626142995268D-10
   -2.683293813163959D-01   -8.545586491979326D-11    1.739208589532758D-11
   -5.667810838807642D-11    1.031461201939873D-11    8.019103130317219D-02
   -1.781420029405773D-10   -4.504235910131699D-01    8.703628987774538D-01
    5.190723420760682D-01   -4.019625493237972D-01   -6.674162240521786D-01
   -6.288055875799570D-12    8.703628987667280D-01    5.190723421598608D-01
   -4.019625492764822D-01    6.674162239730658D-01    1.013163367869106D-11
    8.703628929905369D-01    5.190723390262938D-01    4.019625480630787D-01
   -6.674162209508726D-01    1.714924181819703D-10    8.703628926255100D-01
    5.190723389054883D-01    4.019625480686764D-01    6.674162208138466D-01
    1.550346425032807D-10
   -2.208767930942976D-11    5.571038781856733D-11    2.376231951693183D-10
    7.270530848795873D-11    2.688533810625825D-11    2.375103611693068D+00
   -1.163500685882283D-11   -3.270779148700663D-12    7.784907318224955D-01
   -1.939758606589532D-11   -7.400143184026116D-01    2.181585104710334D-10
   -9.225081228939110D-12   -2.025824389888898D-12   -3.216321168131234D-11
   -9.084737505865171D-12   -1.047753352344802D-10   -7.557213713868995D-11
    7.958842137595835D-14    2.375103590033590D+00    1.324813883386546D-11
   -1.620988331706759D-13    7.784907122299961D-01    4.713335749267466D-12
    7.400143169591287D-01    6.975633782331690D-10    1.102496489877739D-11
   -3.797648767028030D-12   -4.178233940883349D-11   -2.712761155045648D+00
   -1.271940223708823D+00   -5.004077548226816D-01    8.599353918443399D-01
   -2.797389824333257D-10    2.712761154859527D+00    1.271940223695097D+00
    5.004077547239384D-01    8.599353918316027D-01    2.960680148067883D-10
   -2.712761134217824D+00   -1.271940210365788D+00    5.004077526607459D-01
    8.599353893406548D-01   -6.035286151266217D-10    2.712761134278916D+00
    1.271940210409998D+00   -5.004077525611366D-01    8.599353893992460D-01
    5.875017962009748D-10
    9.593988590808907D-01    6.349264394189987D-01    3.370107014233258D+00
    1.079358429897320D+00   -9.482862384809535D-01    5.831211124909864D-10
    2.748859876926198D-10   -1.110877874322108D-01    4.967504838750267D-10
    2.478204308570603D-10    6.551823294276521D-11    3.715138683550233D-12
   -1.335024842652233D-01   -5.725313096298299D-11   -3.151524739349289D-01
    6.349264344766818D-01    3.370106987033904D+00    1.079358420033810D+00
    9.482862356851482D-01   -7.381903886175847D-10    1.449357538512482D-10
    1.110877838882219D-01   -5.697195284727217D-10   -1.471440814300344D-10
    1.904351082447463D-11   -5.541508860647422D-12   -1.335024828195837D-01
    6.083946267641653D-11   -3.151524748198722D-01   -2.036232194713349D+00
   -6.302121188479639D-01   -7.564539711962420D-01    6.609574548334129D-01
   -9.003056734382827D-11   -2.036232193859674D+00   -6.302121181888851D-01
   -7.564539710708758D-01   -6.609574547693686D-01   -9.670060700155082D-11
   -2.036232180671120D+00   -6.302121130327136D-01    7.564539707215721D-01
    6.609574502519113D-01   -2.153426969262761D-10   -2.036232181916398D+00
   -6.302121138888048D-01    7.564539709279523D-01   -6.609574504595700D-01
   -2.074054230284007D-10
   -3.468806781822865D-09    7.387961115796662D-01    3.761820098009445D+00
    1.002064688182061D+00   -3.079045597076591D-01    2.034176517147043D-09
   -7.185023050503669D-11   -7.697786907579974D-01    1.745954833653582D-09
    1.780548420106351D-10    1.018464687900605D-10   -5.095521404592307D-12
   -1.699807508731717D-01   -3.549391158262312D-10    5.077334662337616D-01
   -7.387961141664048D-01   -3.761820118034512D+00   -1.002064696177631D+00
   -3.079045670637566D-01   -2.069890900778509D-09    2.813206527079700D-10
   -7.697786925801731D-01   -1.702867017386151D-09   -1.961783003279688D-10
    3.959690488520884D-11    5.195157424150220D-12    1.699807517920607D-01
   -3.301704280049270D-10   -5.077334669514805D-01   -1.579087161820599D+00
   -8.383081979359072D-01    2.593296293342832D-01    8.030176038775484D-01
   -2.483995710228424D-10   -1.579087158517280D+00   -8.383081955169145D-01
    2.593296297808640D-01   -8.030176035404534D-01   -2.396705288944450D-10
    1.579087174047175D+00    8.383082025958964D-01    2.593296279891506D-01
   -8.030176095887219D-01    2.674059911437868D-10    1.579087170669622D+00
    8.383082002484729D-01    2.593296283987647D-01    8.030176091806865D-01
    2.588652606467020D-10
   -9.505466484991190D-11   -3.150591872548612D-10   -1.627520942763431D-09
   -4.628056747672557D-10    1.926677302513898D-10    6.837109143565973D+00
   -4.530211379387979D-12    2.489029252533302D-10    5.698698166674767D+00
    3.932733015891719D-13    2.998136991916807D-01    1.933801483884470D-09
    7.027009802960303D-11   -7.577986936574462D-13   -8.555390691399985D-11
    1.736931577799223D-10    9.240749364309141D-10    2.851104237060584D-10
    1.088752282535766D-11   -6.837109150848136D+00    3.172442677371987D-12
    2.180417157307535D-10   -5.698698169953273D+00    7.214430157857612D-12
    2.998136980165657D-01   -1.973528713634980D-09   -5.126643423932446D-11
   -2.085185326214791D-12    1.766540215782269D-10   -5.489868943268463D+00
   -3.940099806777883D+00   -7.395638666540079D-01    6.031211545275930D-01
   -1.265863019079197D-09    5.489868944753594D+00    3.940099807434571D+00
    7.395638667331583D-01    6.031211551625016D-01    1.268204083617231D-09
    5.489868952039395D+00    3.940099812069098D+00   -7.395638688299565D-01
   -6.031211570141535D-01    1.295522889427285D-09   -5.489868952742915D+00
   -3.940099812475244D+00    7.395638685433972D-01   -6.031211573786647D-01
   -1.294026886515550D-09
    9.327718844116259D-10   -7.064616941504781D-01   -4.202772545453014D+00
   -1.800824473191103D+00    1.137526096922108D+00   -1.518131847321226D-10
    2.858159021625872D-10    3.024025726074941D-01   -1.534973105536788D-10
   -1.771786005772642D-10   -6.342598212548466D-11    5.303664312407746D-12
    2.431038537488001D-01    4.262000265081289D-10    5.365229523155801D-01
    7.064616957374439D-01    4.202772552972984D+00    1.800824475437396D+00
    1.137526099543345D+00    1.627533415662475D-10   -3.929703235369824D-10
    3.024025726859477D-01    1.153670813133194D-10    2.111868594678411D-10
   -2.567996153341826D-11   -5.351487257779913D-12   -2.431038540472502D-01
    4.242142624390421D-10   -5.365229531920260D-01    2.635923848586344D+00
    7.674202838591367D-01    7.122543332328002D-01   -5.633252633230923D-01
   -1.535999770103918D-11    2.635923848373277D+00    7.674202836305395D-01
    7.122543331734924D-01    5.633252633354380D-01   -2.427429470554738D-11
   -2.635923852947789D+00   -7.674202850531688D-01    7.122543350303960D-01
    5.633252647167794D-01   -2.353098119827466D-11   -2.635923852706132D+00
   -7.674202849021176D-01    7.122543349877385D-01   -5.633252646914330D-01
   -1.487712250115697D-11
    7.136990928018166D-12    9.435035722935565D-12    7.042655839788109D-11
    2.389871631479112D-11    6.305761121385260D-12    2.372649154213857D+00
   -2.817521332370669D-12    1.695651010043047D-11    1.566690427565895D+00
   -4.403348356340886D-12   -1.983690994709865D+00   -2.282755642961434D-11
   -3.437298807422364D-12   -1.523793926498513D-12   -1.148924959001585D-11
   -6.346226538566322D-12   -6.362409677681174D-11   -4.212299951997639D-11
    1.985896908734423D-11   -2.372649156976950D+00    5.349933675991811D-12
    2.629989450634153D-11   -1.566690427826348D+00    9.529093591112604D-12
   -1.983690995741585D+00   -2.129513304433478D-12    5.301715342191735D-12
   -2.996973526070965D-13    8.988618997438647D-12   -3.362191189489305D+00
   -1.379010341167597D+00   -1.973785131758801D-01    8.970780774324366D-01
    6.956192300821710D-11    3.362191189469242D+00    1.379010341177427D+00
    1.973785131461093D-01    8.970780774290540D-01   -6.946706476667280D-11
    3.362191191532164D+00    1.379010341979763D+00   -1.973785134486798D-01
   -8.970780782417330D-01   -5.540019162319508D-11   -3.362191191505500D+00
   -1.379010341993145D+00    1.973785134136186D-01   -8.970780782504719D-01
    5.299990212655733D-11
orbocc
(1p3d25.15)                             
    2.000000000000000D+00    2.000000000000000D+00    2.000000000000000D+00
    2.000000000000000D+00    2.000000000000000D+00    2.000000000000000D+00
    2.000000000000000D+00    6.666666666676230D-01    6.666666666666663D-01
    6.666666666657105D-01    0.000000000000000D+00    0.000000000000000D+00
    0.000000000000000D+00    0.000000000000000D+00    0.000000000000000D+00
    0.000000000000000D+00    0.000000000000000D+00    0.000000000000000D+00
    0.000000000000000D+00    0.000000000000000D+00    0.000000000000000D+00
    0.000000000000000D+00    0.000000000000000D+00    0.000000000000000D+00
    0.000000000000000D+00    0.000000000000000D+00    0.000000000000000D+00
    0.000000000000000D+00    0.000000000000000D+00    0.000000000000000D+00
    0.000000000000000D+00    0.000000000000000D+00    0.000000000000000D+00
    0.000000000000000D+00    0.000000000000000D+00    0.000000000000000D+00
    0.000000000000000D+00    0.000000000000000D+00    0.000000000000000D+00
    0.000000000000000D+00    0.000000000000000D+00    0.000000000000000D+00
    0.000000000000000D+00    0.000000000000000D+00    0.000000000000000D+00
    0.000000000000000D+00    0.000000000000000D+00    0.000000000000000D+00
    0.000000000000000D+00
